Iteracao 1
Tour de Euler extraido: [(4, 22), (22, 6), (6, 22), (22, 4), (4, 25), (25, 20), (20, 15), (15, 18), (18, 7), (7, 26), (26, 11), (11, 26), (26, 24), (24, 9), (9, 24), (24, 26), (26, 7), (7, 19), (19, 16), (16, 0), (0, 12), (12, 21), (21, 2), (2, 23), (23, 10), (10, 5), (5, 1), (1, 3), (3, 27), (27, 29), (29, 27), (27, 13), (13, 8), (8, 28), (28, 14), (14, 28), (28, 8), (8, 13), (13, 27), (27, 3), (3, 1), (1, 5), (5, 10), (10, 23), (23, 2), (2, 17), (17, 2), (2, 21), (21, 12), (12, 0), (0, 16), (16, 19), (19, 7), (7, 18), (18, 15), (15, 20), (20, 25), (25, 4)]
Ciclo Hamiltoniano Final: [4, 22, 6, 25, 20, 15, 18, 7, 26, 11, 24, 9, 19, 16, 0, 12, 21, 2, 23, 10, 5, 1, 3, 27, 29, 13, 8, 28, 14, 17, 4]
Peso: 403.0
___________________________________________________________
Iteracao 2
Tour de Euler extraido: [(18, 7), (7, 26), (26, 11), (11, 26), (26, 24), (24, 9), (9, 24), (24, 26), (26, 7), (7, 19), (19, 16), (16, 0), (0, 12), (12, 21), (21, 2), (2, 23), (23, 10), (10, 5), (5, 1), (1, 3), (3, 27), (27, 29), (29, 27), (27, 13), (13, 8), (8, 28), (28, 14), (14, 28), (28, 8), (8, 13), (13, 27), (27, 3), (3, 1), (1, 5), (5, 10), (10, 23), (23, 2), (2, 17), (17, 2), (2, 21), (21, 12), (12, 0), (0, 16), (16, 19), (19, 7), (7, 18), (18, 15), (15, 20), (20, 25), (25, 4), (4, 22), (22, 6), (6, 22), (22, 4), (4, 25), (25, 20), (20, 15), (15, 18)]
Ciclo Hamiltoniano Final: [18, 7, 26, 11, 24, 9, 19, 16, 0, 12, 21, 2, 23, 10, 5, 1, 3, 27, 29, 13, 8, 28, 14, 17, 15, 20, 25, 4, 22, 6, 18]
Peso: 403.0
___________________________________________________________
Iteracao 3
Tour de Euler extraido: [(0, 12), (12, 21), (21, 2), (2, 23), (23, 10), (10, 5), (5, 1), (1, 3), (3, 27), (27, 29), (29, 27), (27, 13), (13, 8), (8, 28), (28, 14), (14, 28), (28, 8), (8, 13), (13, 27), (27, 3), (3, 1), (1, 5), (5, 10), (10, 23), (23, 2), (2, 17), (17, 2), (2, 21), (21, 12), (12, 0), (0, 16), (16, 19), (19, 7), (7, 26), (26, 11), (11, 26), (26, 24), (24, 9), (9, 24), (24, 26), (26, 7), (7, 18), (18, 15), (15, 20), (20, 25), (25, 4), (4, 22), (22, 6), (6, 22), (22, 4), (4, 25), (25, 20), (20, 15), (15, 18), (18, 7), (7, 19), (19, 16), (16, 0)]
Ciclo Hamiltoniano Final: [0, 12, 21, 2, 23, 10, 5, 1, 3, 27, 29, 13, 8, 28, 14, 17, 16, 19, 7, 26, 11, 24, 9, 18, 15, 20, 25, 4, 22, 6, 0]
Peso: 403.0
___________________________________________________________
Iteracao 4
Tour de Euler extraido: [(17, 2), (2, 21), (21, 23), (23, 10), (10, 5), (5, 1), (1, 3), (3, 27), (27, 29), (29, 27), (27, 13), (13, 8), (8, 28), (28, 14), (14, 28), (28, 8), (8, 13), (13, 27), (27, 3), (3, 1), (1, 5), (5, 10), (10, 23), (23, 21), (21, 12), (12, 0), (0, 16), (16, 19), (19, 7), (7, 26), (26, 11), (11, 26), (26, 24), (24, 9), (9, 24), (24, 26), (26, 7), (7, 18), (18, 15), (15, 20), (20, 25), (25, 4), (4, 22), (22, 6), (6, 22), (22, 4), (4, 25), (25, 20), (20, 15), (15, 18), (18, 7), (7, 19), (19, 16), (16, 0), (0, 12), (12, 21), (21, 2), (2, 17)]
Ciclo Hamiltoniano Final: [17, 2, 21, 23, 10, 5, 1, 3, 27, 29, 13, 8, 28, 14, 12, 0, 16, 19, 7, 26, 11, 24, 9, 18, 15, 20, 25, 4, 22, 6, 17]
Peso: 403.0
___________________________________________________________
Iteracao 5
Tour de Euler extraido: [(24, 26), (26, 7), (7, 18), (18, 15), (15, 20), (20, 25), (25, 4), (4, 22), (22, 6), (6, 22), (22, 4), (4, 25), (25, 20), (20, 15), (15, 18), (18, 7), (7, 19), (19, 16), (16, 0), (0, 12), (12, 21), (21, 2), (2, 23), (23, 10), (10, 5), (5, 1), (1, 3), (3, 27), (27, 29), (29, 27), (27, 13), (13, 8), (8, 28), (28, 14), (14, 28), (28, 8), (8, 13), (13, 27), (27, 3), (3, 1), (1, 5), (5, 10), (10, 23), (23, 2), (2, 17), (17, 2), (2, 21), (21, 12), (12, 0), (0, 16), (16, 19), (19, 7), (7, 26), (26, 11), (11, 26), (26, 24), (24, 9), (9, 24)]
Ciclo Hamiltoniano Final: [24, 26, 7, 18, 15, 20, 25, 4, 22, 6, 19, 16, 0, 12, 21, 2, 23, 10, 5, 1, 3, 27, 29, 13, 8, 28, 14, 17, 11, 9, 24]
Peso: 403.0
___________________________________________________________
Iteracao 6
Tour de Euler extraido: [(7, 26), (26, 11), (11, 26), (26, 24), (24, 9), (9, 24), (24, 26), (26, 7), (7, 19), (19, 16), (16, 0), (0, 12), (12, 21), (21, 2), (2, 23), (23, 10), (10, 5), (5, 1), (1, 3), (3, 27), (27, 29), (29, 27), (27, 13), (13, 8), (8, 28), (28, 14), (14, 28), (28, 8), (8, 13), (13, 27), (27, 3), (3, 1), (1, 5), (5, 10), (10, 23), (23, 2), (2, 17), (17, 2), (2, 21), (21, 12), (12, 0), (0, 16), (16, 19), (19, 7), (7, 18), (18, 15), (15, 20), (20, 25), (25, 4), (4, 22), (22, 6), (6, 22), (22, 4), (4, 25), (25, 20), (20, 15), (15, 18), (18, 7)]
Ciclo Hamiltoniano Final: [7, 26, 11, 24, 9, 19, 16, 0, 12, 21, 2, 23, 10, 5, 1, 3, 27, 29, 13, 8, 28, 14, 17, 18, 15, 20, 25, 4, 22, 6, 7]
Peso: 403.0
___________________________________________________________
Iteracao 7
Tour de Euler extraido: [(12, 21), (21, 2), (2, 23), (23, 10), (10, 5), (5, 1), (1, 3), (3, 27), (27, 29), (29, 27), (27, 13), (13, 8), (8, 28), (28, 14), (14, 28), (28, 8), (8, 13), (13, 27), (27, 3), (3, 1), (1, 5), (5, 10), (10, 23), (23, 2), (2, 17), (17, 2), (2, 21), (21, 0), (0, 16), (16, 19), (19, 7), (7, 26), (26, 11), (11, 26), (26, 24), (24, 9), (9, 24), (24, 26), (26, 7), (7, 18), (18, 15), (15, 20), (20, 25), (25, 4), (4, 22), (22, 6), (6, 22), (22, 4), (4, 25), (25, 20), (20, 15), (15, 18), (18, 7), (7, 19), (19, 16), (16, 0), (0, 21), (21, 12)]
Ciclo Hamiltoniano Final: [12, 21, 2, 23, 10, 5, 1, 3, 27, 29, 13, 8, 28, 14, 17, 0, 16, 19, 7, 26, 11, 24, 9, 18, 15, 20, 25, 4, 22, 6, 12]
Peso: 403.0
___________________________________________________________
Iteracao 8
Tour de Euler extraido: [(7, 26), (26, 11), (11, 26), (26, 24), (24, 9), (9, 24), (24, 26), (26, 7), (7, 19), (19, 16), (16, 0), (0, 12), (12, 21), (21, 2), (2, 23), (23, 10), (10, 5), (5, 1), (1, 3), (3, 27), (27, 29), (29, 27), (27, 13), (13, 8), (8, 28), (28, 14), (14, 28), (28, 8), (8, 13), (13, 27), (27, 3), (3, 1), (1, 5), (5, 10), (10, 23), (23, 2), (2, 17), (17, 2), (2, 21), (21, 12), (12, 0), (0, 16), (16, 19), (19, 7), (7, 18), (18, 15), (15, 20), (20, 25), (25, 4), (4, 22), (22, 6), (6, 22), (22, 4), (4, 25), (25, 20), (20, 15), (15, 18), (18, 7)]
Ciclo Hamiltoniano Final: [7, 26, 11, 24, 9, 19, 16, 0, 12, 21, 2, 23, 10, 5, 1, 3, 27, 29, 13, 8, 28, 14, 17, 18, 15, 20, 25, 4, 22, 6, 7]
Peso: 403.0
___________________________________________________________
Iteracao 9
Tour de Euler extraido: [(20, 15), (15, 18), (18, 7), (7, 26), (26, 11), (11, 26), (26, 24), (24, 9), (9, 24), (24, 26), (26, 7), (7, 19), (19, 16), (16, 0), (0, 12), (12, 21), (21, 2), (2, 23), (23, 10), (10, 5), (5, 1), (1, 3), (3, 27), (27, 29), (29, 27), (27, 13), (13, 8), (8, 28), (28, 14), (14, 28), (28, 8), (8, 13), (13, 27), (27, 3), (3, 1), (1, 5), (5, 10), (10, 23), (23, 2), (2, 17), (17, 2), (2, 21), (21, 12), (12, 0), (0, 16), (16, 19), (19, 7), (7, 18), (18, 15), (15, 20), (20, 25), (25, 4), (4, 22), (22, 6), (6, 22), (22, 4), (4, 25), (25, 20)]
Ciclo Hamiltoniano Final: [20, 15, 18, 7, 26, 11, 24, 9, 19, 16, 0, 12, 21, 2, 23, 10, 5, 1, 3, 27, 29, 13, 8, 28, 14, 17, 25, 4, 22, 6, 20]
Peso: 403.0
___________________________________________________________
Iteracao 10
Tour de Euler extraido: [(10, 23), (23, 2), (2, 21), (21, 12), (12, 0), (0, 16), (16, 19), (19, 7), (7, 26), (26, 11), (11, 26), (26, 24), (24, 9), (9, 24), (24, 26), (26, 7), (7, 18), (18, 15), (15, 20), (20, 25), (25, 4), (4, 22), (22, 6), (6, 22), (22, 4), (4, 25), (25, 20), (20, 15), (15, 18), (18, 7), (7, 19), (19, 16), (16, 0), (0, 12), (12, 21), (21, 2), (2, 17), (17, 2), (2, 23), (23, 10), (10, 5), (5, 1), (1, 3), (3, 27), (27, 29), (29, 27), (27, 13), (13, 8), (8, 28), (28, 14), (14, 28), (28, 8), (8, 13), (13, 27), (27, 3), (3, 1), (1, 5), (5, 10)]
Ciclo Hamiltoniano Final: [10, 23, 2, 21, 12, 0, 16, 19, 7, 26, 11, 24, 9, 18, 15, 20, 25, 4, 22, 6, 17, 5, 1, 3, 27, 29, 13, 8, 28, 14, 10]
Peso: 403.0
___________________________________________________________
